0 0.27353645833333334 0.4611759259259259 0.025171874999999993 0.11549999999999995
0 0.367953125 0.49536111111111114 0.03854166666666667 0.10264814814814811
0 0.3939166666666667 0.40669444444444447 0.03850520833333337 0.10398148148148144
0 0.45940624999999996 0.3960092592592593 0.03495833333333328 0.0945092592592593
0 0.5083958333333334 0.4086388888888889 0.030171875000000032 0.08274074074074075
0 0.5335260416666666 0.39946296296296296 0.021500000000000043 0.09002777777777779
0 0.5502291666666667 0.4086018518518519 0.042640624999999946 0.06774074074074071
0 0.5931927083333334 0.3839074074074074 0.029562500000000113 0.08819444444444445
0 0.6285677083333333 0.4275092592592592 0.0452395833333334 0.10761111111111109
0 0.6297708333333334 0.37389814814814815 0.02195312500000005 0.07781481481481478
0 0.6589270833333334 0.3790185185185185 0.018536458333333408 0.08723148148148152
0 0.6788437500000001 0.37822222222222224 0.026682291666666677 0.10151851851851851
0 0.7029791666666667 0.38658333333333333 0.024614583333333447 0.08188888888888894
0 0.7514010416666667 0.3889351851851852 0.03070833333333335 0.08725925925925927
0 0.7902239583333334 0.39560185185185187 0.03219791666666675 0.09108333333333334
0 0.8275833333333333 0.4018240740740741 0.02702083333333339 0.09525
0 0.8805416666666667 0.41022222222222227 0.0379635416666666 0.09468518518518518
0 0.9429635416666666 0.45716666666666667 0.04396354166666659 0.08935185185185185