2 0.272734375 0.2827037037037037 0.04022916666666667 0.19524074074074074
2 0.605359375 0.4823333333333333 0.020093749999999962 0.11679629629629634
2 0.6973072916666666 0.514824074074074 0.038593749999999954 0.0974166666666667
2 0.7237708333333334 0.4271574074074074 0.03939583333333327 0.10547222222222219
2 0.7913854166666667 0.41585185185185186 0.04098437500000003 0.09975000000000002
2 0.8509427083333333 0.42694444444444446 0.03557291666666676 0.09339814814814815
2 0.8765833333333333 0.41575 0.023989583333333304 0.09075925925925925
2 0.8978958333333333 0.42946296296296294 0.05408854166666662 0.07490740740740738
2 0.9488854166666666 0.40425 0.03766145833333331 0.104787037037037
2 0.9834322916666667 0.45444444444444443 0.0331302083333334 0.12603703703703703
2 0.99009375 0.38739814814814816 0.01980729166666677 0.0801666666666667