2 0.20397916666666666 0.46193518518518517 0.0511354166666667 0.11279629629629624
2 0.303953125 0.4823518518518519 0.0579010416666667 0.1025462962962963
2 0.36323958333333334 0.37725925925925924 0.041203124999999945 0.11588888888888886
2 0.37729166666666664 0.365 0.030218749999999992 0.12567592592592594
2 0.44458333333333333 0.36616666666666664 0.03178124999999999 0.10052777777777783
2 0.5036770833333333 0.36516666666666664 0.04040624999999996 0.11299074074074071
2 0.5300104166666667 0.3671666666666667 0.025984375000000053 0.09537962962962962
2 0.5551145833333333 0.3642592592592592 0.02588541666666657 0.08621296296296298
2 0.6441145833333334 0.4111481481481481 0.04653645833333329 0.16734259259259257
2 0.649484375 0.33275 0.04156770833333331 0.08726851851851852
2 0.724609375 0.3374074074074074 0.02802083333333343 0.10126851851851852
2 0.7758333333333333 0.34067592592592594 0.03760937500000002 0.10316666666666663
2 0.8400677083333333 0.4230740740740741 0.029312500000000106 0.08333333333333333
2 0.8554270833333334 0.33535185185185185 0.04157291666666675 0.10087962962962967
2 0.9172135416666667 0.3536388888888889 0.03566145833333323 0.1300925925925926
2 0.9479166666666666 0.4740740740740741 0.10416666666666667 0.24444444444444444