2 0.06131770833333334 0.33062037037037034 0.04094270833333333 0.12335185185185188
2 0.09175520833333332 0.33169444444444446 0.03315104166666665 0.09789814814814816
2 0.11892708333333334 0.33175925925925925 0.03772916666666667 0.09282407407407407
2 0.21846354166666665 0.3814722222222222 0.04803125000000001 0.17780555555555552
2 0.24808854166666666 0.30621296296296296 0.027260416666666683 0.09443518518518519
2 0.29662499999999997 0.31096296296296294 0.03144791666666672 0.10398148148148144
2 0.3784739583333333 0.3193796296296296 0.03204687499999999 0.10954629629629635
2 0.429125 0.3153888888888889 0.03624479166666662 0.09452777777777781
2 0.48028125 0.32996296296296296 0.026317708333333318 0.11699074074074076
2 0.49471875000000004 0.4381203703703704 0.08841145833333339 0.21841666666666665
2 0.61828125 0.4716111111111111 0.07690624999999993 0.20387962962962958
2 0.9609635416666666 0.5630370370370371 0.07806770833333326 0.17881481481481487