6 0.171128 0.503071 0.087130 0.087001
6 0.062073 0.545036 0.093394 0.082907
6 0.470672 0.514841 0.078018 0.090072
6 0.515376 0.551689 0.076310 0.051177
6 0.298405 0.569601 0.115034 0.119754
6 0.917141 0.596725 0.074601 0.120778
6 0.308941 0.791198 0.119021 0.382805
6 0.224089 0.757421 0.155467 0.319345
6 0.78671875 0.5828125 0.07734375 0.04375
6 0.40234375 0.52109375 0.04921875 0.04296875
6 0.17265625 0.734375 0.2046875 0.28359375
6 0.84609375 0.8734375 0.209375 0.1984375
6 0.6609375 0.5015625 0.0515625 0.071875
6 0.69765625 0.5703125 0.06328125 0.0296875
6 0.69921875 0.5390625 0.05859375 0.04296875