6 0.192000 0.482759 0.086000 0.173913
6 0.133088 0.494003 0.095000 0.070465
6 0.351500 0.550225 0.129000 0.092954
6 0.495500 0.599700 0.157000 0.320840
6 0.661500 0.604948 0.105000 0.316342
6 0.886500 0.717391 0.147000 0.244378
6 0.889500 0.542729 0.193000 0.224888
6 0.766000 0.455022 0.098000 0.061469
6 0.671588 0.430285 0.090000 0.047976
6 0.706500 0.389805 0.073000 0.041979
6 0.762000 0.373313 0.054000 0.083958
6 0.535000 0.381559 0.072000 0.097451
6 0.906588 0.420540 0.142000 0.097451
6 0.831000 0.377061 0.038000 0.106447