6 0.331250 0.431250 0.190625 0.231250
6 0.479688 0.187500 0.078125 0.106250
6 0.231250 0.163281 0.100000 0.120313
6 0.357812 0.111719 0.046875 0.082813
6 0.317969 0.106250 0.051563 0.078125
6 0.262500 0.112500 0.068750 0.078125
6 0.715625 0.135937 0.031250 0.090625
6 0.698438 0.314844 0.103125 0.167187
6 0.636719 0.533594 0.182813 0.204688
6 0.617969 0.456250 0.192188 0.187500
6 0.729688 0.220313 0.050000 0.109375
6 0.814063 0.295312 0.109375 0.175000
6 0.839063 0.182812 0.087500 0.087500
6 0.839063 0.193750 0.065625 0.078125
6 0.943750 0.260156 0.078125 0.129688
6 0.913281 0.185156 0.029687 0.092188